1 26152
2 28386
3 6072
4 16633
5 1232
6 22352
7 14660
8 8228
9 26904
10 30495
11 13248
12 27635
13 23491
14 1097
15 9373
16 32186
17 27744
18 6932
19 24481
20 4889
21 25745
22 25630
23 5667
24 16471
25 15779
26 13027
27 3267
28 11633
29 20613
30 12805
31 21702
32 21952
33 24227
34 10165
35 21771
36 21437
37 12995
38 30112
39 12349
40 26255
41 17963
42 9855
43 3826
44 430
45 12454
46 24522
47 22517
48 16091
49 26877
50 25681
51 31425
52 10325
53 17810
54 3211
55 23270
56 3138
57 9556
58 16533
59 8750
60 7022
61 14306
62 20184
63 14134
64 22630
65 17567
66 9144
67 6153
68 6914
69 15118
70 28989
71 20084
72 5736
73 20727
74 23626
75 7409
76 28449
77 15884
78 18850
79 9910
80 701
81 428
82 29592
83 6045
84 9439
85 21212
86 17073
87 24046
88 32484
89 27975
90 14339
91 12344
92 4855
93 27055
94 8416
95 30359
96 17803
97 32504
98 18722
99 6764
100 519
101 212
102 8532
103 15745
104 7471
105 32726
106 27759
107 13946
108 25458
109 14748
110 17960
111 32519
112 8275
113 29288
114 8679
115 26093
116 7446
117 939
118 1424
119 19583
120 5023
121 29158
122 26943
123 26578
124 6219
125 26592
126 22677
127 26935
128 27026
129 1009
130 31156
131 29120
132 8644
133 16467
134 10418
135 22684
136 17096
137 54
138 5665
139 28033
140 22413
141 21717
142 1157
143 5019
144 13384
145 2778
146 15396
147 21797
148 27077
149 25208
150 9614
151 13459
152 31483
153 26732
154 16981
155 7725
156 28567
157 23024
158 6150
159 25018
160 17141
161 30706
162 29825
163 1599
164 4897
165 2760
166 22064
167 28047
168 21440
169 1253
170 1448
171 20699
172 31501
173 6865
174 27162
175 24735
176 5728
177 9589
178 30636
179 20731
180 11865
181 9372
182 18939
183 11471
184 21813
185 31395
186 20642
187 22879
188 7613
189 15005
190 7992
191 21946
192 30250
193 28127
194 27074
195 817
196 31680
197 7109
198 18687
199 29682
200 13351
201 16497
202 13060
203 22353
204 2419
205 6281
206 6120
207 12469
208 30407
209 20782
210 2093
211 9415
212 459
213 247
214 24907
215 16065
216 3208
217 5733
218 1498
219 14320
220 9958
221 27692
222 7160
223 29787
224 5730
225 32032
226 26692
227 7631
228 13834
229 12847
230 27478
231 24384
232 6357
233 11079
234 28894
235 12759
236 3669
237 29745
238 18242
239 18407
240 26520
241 18371
242 6318
243 32395
244 25051
245 5242
246 7003
247 2139
248 25243
249 9287
250 20971
251 6697
252 18036
253 9052
254 7082
255 15731
256 11762
257 28600
258 1981
259 8591
260 23928
261 31787
262 29276
263 18847
264 9261
265 31044
266 2046
267 30847
268 19579
269 23466
270 11099
271 7520
272 13370
273 10816
274 11768
275 27584
276 19304
277 21125
278 26380
279 16699
280 9759
281 20701
282 18268
283 6396
284 29619
285 27638
286 15201
287 6712
288 17353
289 12452
290 2125
291 26987
292 8681
293 28476
294 11567
295 18130
296 21221
297 11181
298 12269
299 28728
300 10356
301 5760
302 18983
303 11961
304 1333
305 29792
306 19404
307 1742
308 2531
309 19489
310 31579
311 1090
312 21503
313 19938
314 655
315 21648
316 23328
317 29299
318 13092
319 29726
320 3819
321 8691
322 26764
323 10797
324 13272
325 439
326 24979
327 22866
328 28370
329 3326
330 22036
331 19224
332 1204
333 13811
334 28363
335 887
336 2096
337 3298
338 24723
339 7214
340 5612
341 19039
342 11021
343 8552
344 855
345 2563
346 24465
347 23329
348 12216
349 26211
350 5875
351 118
352 16344
353 7442
354 26365
355 5412
356 21440
357 6008
358 20930
359 13129
360 27572
361 14051
362 10116
363 17153
364 6214
365 23487
366 32616
367 8414
368 10210
369 1767
370 3214
371 12274
372 26634
373 5360
374 27964
375 8598
376 738
377 13393
378 8728
379 13871
380 24366
381 23198
382 30359
383 8553
384 7654
385 25452
386 19892
387 5335
388 26552
389 3504
390 9008
391 15700
392 13769
393 14669
394 4305
395 8934
396 30427
397 29452
398 20683
399 11160
400 2064
401 21112
402 8520
403 12308
404 30465
405 19862
406 2774
407 22089
408 668
409 3332
410 24374
411 28573
412 30086
413 31303
414 22544
415 2563
416 30320
417 32065
418 12879
419 19090
420 9999
421 25710
422 21659
423 16120
424 8623
425 11987
426 3571
427 3485
428 9147
429 26139
430 898
431 28990
432 14315
433 28728
434 24765
435 5710
436 30339
437 22545
438 451
439 26437
440 107
441 5762
442 23844
443 10271
444 19817
445 2606
446 12755
447 5743
448 22188
449 11735
450 32586
451 22510
452 27322
453 30485
454 20637
455 23504
456 26816
457 26729
458 6065
459 6527
460 2933
461 8728
462 26795
463 18821
464 18057
465 24823
466 6890
467 24220
468 28382
469 22763
470 19407
471 21434
472 28949
473 27650
474 23310
475 416
476 20967
477 22984
478 2087
479 12555
480 25316
481 1079
482 8851
483 20354
484 16250
485 4130
486 10523
487 16733
488 27427
489 26507
490 2394
491 6837
492 2684
493 10475
494 6014
495 6034
496 26194
497 7904
498 16591
499 31200
500 21256
501 16344
502 18556
503 17447
504 26543
505 5989
506 3276
507 23480
508 8636
509 30778
510 23473
511 31370
512 12166
513 4740
514 3337
515 24688
516 11318
517 1187
518 8728
519 18643
520 4092
521 10760
522 15353
523 22481
524 18125
525 759
526 32732
527 506
528 9394
529 6941
530 4962
531 19900
532 16919
533 9806
534 15727
535 26059
536 13583
537 5180
538 7716
539 14001
540 24109
541 12068
542 29189
543 14733
544 14922
545 16145
546 10490
547 5342
548 7737
549 27921
550 3254
551 27160
552 20906
553 17777
554 2548
555 4750
556 5376
557 19672
558 25343
559 9372
560 23020
561 29602
562 5353
563 8461
564 11588
565 20538
566 5125
567 19523
568 7561
569 28504
570 10172
571 23197
572 11122
573 17528
574 29941
575 17203
576 18434
577 32615
578 2479
579 15417
580 2049
581 1548
582 13432
583 10371
584 18664
585 16049
586 25956
587 32024
588 31604
589 13766
590 10513
591 5938
592 25996
593 22753
594 13902
595 5685
596 32011
597 28833
598 24479
599 16949
600 2045
601 26289
602 21625
603 29052
604 32001
605 5142
606 16924
607 433
608 11061
609 23645
610 5226
611 16251
612 2257
613 32135
614 29049
615 2980
616 10324
617 3798
618 1015
619 14996
620 22492
621 23823
622 17206
623 4454
624 16677
625 29632
626 17001
627 7845
628 1300
629 7788
630 2411
631 31125
632 16660
633 29672
634 8487
635 9903
636 25082
637 27111
638 6691
639 3893
640 12310
641 27840
642 28563
643 24117
644 15104
645 30847
646 22569
647 1669
648 7317
649 19503
650 31784
651 16671
652 5367
653 21844
654 21674
655 23818
656 28874
657 9144
658 20577
659 5569
660 11449
661 13461
662 5702
663 9343
664 10486
665 14712
666 7977
667 12219
668 28928
669 206
670 22503
671 22754
672 19463
673 29213
674 3676
675 25778
676 19472
677 15150
678 6641
679 26667
680 15485
681 9386
682 7801
683 32124
684 12300
685 22356
686 477
687 31751
688 16468
689 26343
690 1041
691 86
692 24019
693 26822
694 3816
695 21062
696 2963
697 5726
698 16096
699 699
700 31064
701 11679
702 24578
703 26441
704 19023
705 29876
706 11723
707 26672
708 17807
709 26854
710 25546
711 16848
712 17972
713 8470
714 14831
715 16845
716 26562
717 14436
718 10115
719 20113
720 29566
721 28902
722 25638
723 3571
724 55
725 11402
726 29615
727 1609
728 6317
729 8956
730 19401
731 5300
732 30987
733 14971
734 4903
735 25288
736 13659
737 15145
738 14201
739 31271
740 19469
741 4739
742 32163
743 3973
744 20735
745 17264
746 21566
747 29106
748 2303
749 12401
750 10133
751 24594
752 22840
753 26484
754 14716
755 9966
756 20567
757 22736
758 3397
759 26822
760 16175
761 2018
762 21576
763 29092
764 15060
765 29036
766 416
767 27384
768 26085
769 27579
770 26962
771 16899
772 23202
773 1066
774 23487
775 30101
776 30320
777 20239
778 27470
779 9645
780 19932
781 5006
782 19554
783 28491
784 7239
785 29456
786 26185
787 25787
788 30893
789 11524
790 31487
791 13748
792 9954
793 12328
794 10643
795 23489
796 32592
797 22497
798 7919
799 19267
800 333
801 27736
802 30521
803 20384
804 30477
805 16383
806 20461
807 19047
808 10676
809 20931
810 29278
811 23161
812 9160
813 28637
814 21633
815 14098
816 6938
817 14588
818 13053
819 10253
820 26628
821 6043
822 3610
823 26805
824 27208
825 31249
826 573
827 3167
828 3920
829 216
830 19984
831 30174
832 2627
833 24057
834 14631
835 18472
836 32646
837 10898
838 20130
839 3928
840 15510
841 3612
842 7673
843 17594
844 29854
845 1380
846 11176
847 11942
848 717
849 22933
850 27190
851 23057
852 23131
853 28133
854 23582
855 30270
856 14133
857 16200
858 24051
859 29515
860 7928
861 30245
862 15397
863 11973
864 24344
865 27017
866 78
867 25360
868 30931
869 23700
870 5392
871 31948
872 29821
873 18117
874 14570
875 27643
876 13384
877 10481
878 15977
879 5049
880 28922
881 27913
882 5180
883 30774
884 5993
885 19807
886 10742
887 28979
888 29098
889 4047
890 12192
891 20098
892 18599
893 27761
894 30448
895 19992
896 526
897 25455
898 19142
899 29413
900 19514
901 8042
902 31066
903 16963
904 11755
905 2510
906 18944
907 21664
908 4933
909 10625
910 15077
911 24899
912 4525
913 8235
914 15430
915 32012
916 8370
917 1215
918 19062
919 8175
920 15550
921 19395
922 11620
923 22152
924 10924
925 22397
926 8125
927 16986
928 10138
929 3879
930 24726
931 18702
932 26008
933 32009
934 18627
935 21383
936 30456
937 9677
938 30964
939 24622
940 2794
941 5017
942 25199
943 27973
944 25237
945 18938
946 9526
947 28977
948 28450
949 31398
950 16061
951 11790
952 8654
953 6555
954 19797
955 30605
956 4456
957 9000
958 4419
959 25548
960 19547
961 30955
962 3717
963 5796
964 13306
965 18937
966 18707
967 16582
968 3620
969 9485
970 31916
971 20535
972 30193
973 30434
974 7872
975 3975
976 3826
977 6103
978 28377
979 24290
980 30582
981 26419
982 16744
983 21024
984 1815
985 23300
986 14719
987 10636
988 4164
989 935
990 1431
991 26864
992 28743
993 499
994 12386
995 9758
996 12143
997 438
998 25941
999 2736
1000 5517
1001 6099
1002 31750
1003 26257
1004 11917
1005 19802
1006 5094
1007 7849
1008 6686
1009 26342
1010 11099
1011 31311
1012 17455
1013 29948
1014 24597
1015 1243
1016 28194
1017 14361
1018 925
1019 2551
1020 15436
1021 4964
1022 26982
1023 1816
1024 11124
1025 24414
1026 15884
1027 11837
1028 27771
1029 25128
1030 14978
1031 27025
1032 23322
1033 29229
1034 12361
1035 28132
1036 21129
1037 27283
1038 3044
1039 25764
1040 25365
1041 27262
1042 24414
1043 1348
1044 9647
1045 3025
1046 10281
1047 12708
1048 17099
1049 28204
1050 25502
1051 1915
1052 23323
1053 10111
1054 3205
1055 7115
1056 15677
1057 30371
1058 23560
1059 3525
1060 17660
1061 1322
1062 1302
1063 26965
1064 4719
1065 11852
1066 27390
1067 29067
1068 13947
1069 25047
1070 2506
1071 14490
1072 2523
1073 195
1074 31677
1075 19551
1076 3392
1077 15268
1078 22861
1079 15822
1080 3128
1081 21037
1082 10763
1083 11557
1084 6681
1085 25463
1086 6055
1087 2898
1088 3042
1089 10549
1090 6071
1091 22165
1092 2333
1093 9553
1094 24902
1095 17383
1096 19007
1097 10296
1098 18911
1099 12338
1100 10066
1101 26531
1102 11999
1103 8462
1104 30621
1105 17222
1106 18970
1107 10946
1108 30097
1109 11297
1110 25366
1111 20526
1112 239
1113 30052
1114 16628
1115 15475
1116 7785
1117 15426
1118 12594
1119 4449
1120 16909
1121 856
1122 2433
1123 25725
1124 18977
1125 29535
1126 28868
1127 11269
1128 16108
1129 17913
1130 30221
1131 30362
1132 9987
1133 10965
1134 9127
1135 2935
1136 17055
1137 21448
1138 20444
1139 23521
1140 27550
1141 958
1142 22060
1143 20516
1144 1387
1145 19442
1146 7780
1147 19746
1148 7759
1149 25713
1150 29356
1151 10982
1152 7226
1153 6190
1154 21821
1155 11475
1156 25725
1157 16410
1158 28878
1159 19835
1160 15000
1161 4764
1162 16505
1163 18204
1164 12489
1165 20580
1166 13840
1167 8780
1168 30729
1169 27662
1170 10601
1171 559
1172 15716
1173 3196
1174 31425
1175 24218
1176 28560
1177 12875
1178 30496
1179 10469
1180 11620
1181 23593
1182 17601
1183 5598
1184 3819
1185 15241
1186 23348
1187 8537
1188 22848
1189 8382
1190 8914
1191 26721
1192 12917
1193 6681
1194 29399
1195 9596
1196 19857
1197 10080
1198 8524
1199 16040
1200 12092
1201 28312
1202 11452
1203 25108
1204 17059
1205 18457
1206 7600
1207 8374
1208 12862
1209 4260
1210 26538
1211 30733
1212 16764
1213 13134
1214 16996
1215 31646
1216 3305
1217 22290
1218 12711
1219 24112
1220 20156
1221 2109
1222 17745
1223 28439
1224 31665
1225 5578
1226 5937
1227 15387
1228 15046
1229 28085
1230 7605
1231 4824
1232 30625
1233 29159
1234 3520
1235 1788
1236 22378
1237 12003
1238 24141
1239 761
1240 16603
1241 8530
1242 13646
1243 18394
1244 20269
1245 32212
1246 10916
1247 9979
1248 16363
1249 31406
1250 6856
1251 20143
1252 22067
1253 16992
1254 12350
1255 7472
1256 31329
1257 579
1258 20736
1259 27027
1260 24095
1261 20449
1262 20837
1263 22657
1264 15829
1265 16219
1266 2192
1267 25347
1268 25114
1269 22965
1270 31851
1271 28636
1272 23058
1273 17103
1274 29654
1275 29157
1276 29927
1277 14465
1278 29965
1279 25308
1280 672
1281 17026
1282 23641
1283 6102
1284 2924
1285 25778
1286 23047
1287 356
1288 26929
1289 27579
1290 4464
1291 12585
1292 23838
1293 5900
1294 29795
1295 1264
1296 3490
1297 1626
1298 31340
1299 6002
1300 11701
1301 31581
1302 29933
1303 11654
1304 4624
1305 2978
1306 21846
1307 17114
1308 12102
1309 19867
1310 1148
1311 17081
1312 31335
1313 1448
1314 31430
1315 18071
1316 24677
1317 6111
1318 20667
1319 28792
1320 4104
1321 1893
1322 5389
1323 29198
1324 18998
1325 23040
1326 4196
1327 25976
1328 27684
1329 17780
1330 23724
1331 24677
1332 4328
1333 29419
1334 15743
1335 7130
1336 29650
1337 28303
1338 2508
1339 21508
1340 6572
1341 11792
1342 17496
1343 9038
1344 503
1345 32764
1346 303
1347 27647
1348 944
1349 22609
1350 22310
1351 32
1352 17002
1353 20897
1354 9914
1355 22573
1356 2630
1357 2681
1358 17068
1359 25851
1360 2699
1361 27925
1362 26170
1363 572
1364 1193
1365 19914
1366 10006
1367 12814
1368 3794
1369 29182
1370 23169
1371 20219
1372 25291
1373 15278
1374 2603
1375 28842
1376 4649
1377 26831
1378 9007
1379 3351
1380 28379
1381 15764
1382 26881
1383 1290
1384 102
1385 12911
1386 9652
1387 9829
1388 1656
1389 17246
1390 15020
1391 14829
1392 24188
1393 4657
1394 19201
1395 2452
1396 29123
1397 4980
1398 28563
1399 32266
1400 12212
1401 24707
1402 21016
1403 18336
1404 87
1405 12232
1406 15856
1407 26930
1408 19145
1409 25199
1410 26211
1411 11022
1412 27769
1413 6574
1414 17335
1415 19058
1416 28104
1417 2281
1418 6874
1419 857
1420 13564
1421 29977
1422 24420
1423 14798
1424 21344
1425 25398
1426 32762
1427 11266
1428 31679
1429 4405
1430 29071
1431 828
1432 30803
1433 19766
1434 2968
1435 590
1436 20893
1437 31520
1438 20545
1439 26121
1440 28311
1441 10239
1442 9206
1443 9718
1444 23901
1445 19962
1446 25801
1447 24042
1448 1202
1449 14962
1450 8720
1451 17668
1452 13846
1453 7652
1454 32631
1455 22955
1456 28440
1457 17289
1458 5193
1459 16618
1460 12471
1461 4858
1462 20831
1463 6751
1464 10687
1465 21678
1466 15186
1467 13645
1468 1203
1469 8835
1470 18010
1471 24399
1472 26006
1473 24483
1474 28205
1475 5409
1476 8803
1477 12003
1478 9174
1479 17874
1480 16105
1481 2311
1482 25505
1483 2567
1484 10485
1485 5601
1486 16522
1487 19575
1488 20331
1489 30437
1490 1480
1491 32578
1492 5945
1493 30158
1494 24631
1495 5751
1496 7808
1497 31211
1498 29542
1499 945
1500 19277
